Original data:
  1.00   2.50   3.00   4.50   1.00   2.50   3.00   4.50 
  1.00   2.50   3.00   4.50   1.00   2.50   3.00   4.50 
  1.00   2.50   3.00   4.50   1.00   2.50   3.00   4.50 
  1.00   2.50   3.00   4.50   1.00   2.50   3.00   4.50 

Quantized data:
Delta: 0.233276
Quantized values: 0 102 153 255 0 102 153 255 
                 0 102 153 255 0 102 153 255 
                 
Dequantized data:
  1.00   2.40   3.10   4.50   1.00   2.40   3.10   4.50 
  1.00   2.40   3.10   4.50   1.00   2.40   3.10   4.50 
  1.00   2.40   3.10   4.50   1.00   2.40   3.10   4.50 
  1.00   2.40   3.10   4.50   1.00   2.40   3.10   4.50 

Memory usage before quantization: 128 bytes
Memory usage after quantization: 18 bytes
